0
-51.4596
-49.4026
-47.4263
-45.5274
-43.703
-41.9502
-40.2661
-38.648
-37.0933
-35.5997
-34.1646
-32.7857
-31.4609
-30.1881
-28.9652
-27.7902
-26.6613
-25.5767
-24.5346
-23.5334
-22.5714
-21.6471
-20.7591
-19.9059
-19.0862
-18.2986
-17.5419
-16.8148
-16.1163
-15.4451
-14.8003
-14.1808
-13.5855
-13.0136
-12.4641
-11.9362
-11.4289
-10.9416
-10.4733
-10.0235
-9.59122
-9.17593
-8.77692
-8.39356
-8.02523
-7.67134
-7.33133
-7.00465
-6.69078
-6.38922
-6.09948
-5.8211
-5.55364
-5.29666
-5.04977
-4.81255
-4.58463
-4.36565
-4.15526
-3.95312
-3.7589
-3.5723
-3.39302
-3.22076
-3.05526
-2.89625
-2.74348
-2.59669
-2.45566
-2.32016
-2.18997
-2.06489
-1.94471
-1.82925
-1.71831
-1.61172
-1.50932
-1.41092
-1.31639
-1.22556
-1.13829
-1.05445
-0.973892
-0.896494
-0.822131
-0.750683
-0.682037
-0.616083
-0.552715
-0.491831
-0.433335
-0.377133
-0.323134
-0.271252
-0.221405
-0.173513
-0.127498
-0.083288
-0.0408112
0
0
0
0
0
0
0
0
0
0
0
0
0
0
0
0
0
0
0
0
0
0
0
0
0
0
0
0
0
0
0
0
0
0
0
0
0
0
0
0
0
0
0
0
0
0
0
0
0
0
0
0
0
0
0
0
0
0
0
0
0
0
0
0
0
0
0
0
0
0
0
0
0
0
0
0
0
0
0
0
0
0
0
0
0
0
0
0
0
0
0
0
0
0
0
0
0
0
0
0
53.6005
