0
-9120.01
-8317.45
-7585.51
-6917.97
-6309.17
-5753.94
-5247.56
-4785.74
-4364.56
-3980.43
-3630.1
-3310.6
-3019.21
-2753.47
-2511.1
-2290.06
-2088.47
-1904.62
-1736.94
-1584.02
-1444.55
-1317.36
-1201.36
-1095.56
-999.075
-911.078
-830.824
-757.632
-690.88
-630.002
-574.48
-523.843
-477.662
-435.545
-397.133
-362.101
-330.152
-301.014
-274.44
-250.204
-228.1
-207.942
-189.557
-172.79
-157.498
-143.552
-130.833
-119.233
-108.653
-99.005
-90.2056
-82.1804
-74.8613
-68.1863
-62.0986
-56.5465
-51.483
-46.865
-42.6534
-38.8123
-35.3092
-32.1144
-29.2006
-26.5433
-24.1197
-21.9095
-19.8937
-18.0552
-16.3785
-14.8494
-13.4548
-12.1829
-11.023
-9.96507
-9.00025
-8.12033
-7.31783
-6.58594
-5.91845
-5.3097
-4.75451
-4.24817
-3.78638
-3.36523
-2.98113
-2.63083
-2.31135
-2.01999
-1.75426
-1.51191
-1.29089
-1.08931
-0.905474
-0.737811
-0.584901
-0.445446
-0.318261
-0.202267
-0.0964793
0
0.0964793
0.202267
0.318261
0.445446
0.584901
0.737811
0.905474
1.08931
1.29089
1.51191
1.75426
2.01999
2.31135
2.63083
2.98113
3.36523
3.78638
4.24817
4.75451
5.3097
5.91845
6.58594
7.31783
8.12033
9.00025
9.96507
11.023
12.1829
13.4548
14.8494
16.3785
18.0552
19.8937
21.9095
24.1197
26.5433
29.2006
32.1144
35.3092
38.8123
42.6534
46.865
51.483
56.5465
62.0986
68.1863
74.8613
82.1804
90.2056
99.005
108.653
119.233
130.833
143.552
157.498
172.79
189.557
207.942
228.1
250.204
274.44
301.014
330.152
362.101
397.133
435.545
477.662
523.843
574.48
630.002
690.88
757.632
830.824
911.078
999.075
1095.56
1201.36
1317.36
1444.55
1584.02
1736.94
1904.62
2088.47
2290.06
2511.1
2753.47
3019.21
3310.6
3630.1
3980.43
4364.56
4785.74
5247.56
5753.94
6309.17
6917.97
7585.51
8317.45
9120.01
10000
